216
462
163
145
655
536
322
663
125
455
422
263
244
141
526
141
331
325
653
131
361
442
652
321
463
526
512
166
231
226
633
245
524
661
264
214
515
166
133
451
355
216
136
341
544
536
532
554
621
446
454
156
543
422
131
224
651
636
365
235
336
241
625
255
325
531
461
133
235
316
615
145
445
262
421
634
432
262
541
623
335
153
535
244
434
613
431
434
211
626
465
625
215
222
516
623
133
423
516
232
