231
221
125
616
165
511
152
144
133
325
314
411
111
311
216
244
534
352
614
155
413
545
351
133
161
552
423
514
535
165
263
156
261
451
533
512
326
423
436
344
534
321
643
426
152
554
611
211
644
444
365
666
344
531
562
365
213
451
112
426
363
262
542
414
315
524
125
313
325
155
455
523
654
232
325
615
415
341
313
315
455
316
253
515
264
453
265
342
325
363
614
452
434
454
313
433
111
514
136
446
516
462
136
643
132
326
536
523
566
522
122
615
563
141
325
616
425
141
645
121
253
533
655
236
124
645
336
444
226
621
654
232
332
436
234
145
643
664
216
345
344
113
546
256
146
411
634
214
564
523
235
544
254
255
116
443
332
111
161
432
332
552
356
533
454
323
613
226
621
532
444
565
332
655
111
361
424
325
643
131
225
666
414
561
234
361
533
515
643
636
662
444
145
126
312
552
462
363
116
216
253
511
661
156
335
536
235
663
243
151
445
113
121
162
532
132
224
551
423
662
143
363
444
162
332
452
251
456
654
256
141
546
122
436
365
235
146
316
246
511
235
246
565
123
565
142
154
121
334
563
131
226
316
233
445
222
152
123
524
623
356
623
523
662
231
641
531
145
544
311
161
225
531
665
141
322
531
134
613
421
213
614
266
416
325
553
564
662
515
423
153
116
556
466
461
346
214
333
243
146
336
516
244
515
445
121
234
542
245
524
323
322
262
534
464
523
111
434
325
612
624
643
254
366
331
314
516
266
341
345
536
132
524
151
516
346
265
536
553
166
151
141
616
611
444
226
345
255
355
342
463
332
266
425
354
312
613
666
445
631
144
113
366
621
444
464
462
525
543
665
314
432
333
412
522
135
423
421
453
633
133
413
631
654
424
511
336
461
233
151
512
522
215
123
143
541
252
641
421
335
465
521
413
352
222
133
665
336
625
511
254
353
136
455
614
365
261
134
633
452
246
636
463
125
252
245
246
656
162
162
652
441
611
145
234
445
623
126
316
465
115
365
651
235
436
365
556
464
431
331
265
411
462
531
433
621
634
152
254
622
323
231
232
342
252
435
214
163
545
466
316
241
163
265
513
543
352
455
241
146
563
114
145
355
542
256
336
263
333
514
524
152
655
625
535
265
532
431
243
231
