563
515
221
461
631
431
324
542
266
663
355
121
631
335
463
624
633
314
551
232
152
646
222
151
115
513
316
463
336
414
436
341
434
526
151
341
463
326
251
121
555
252
253
466
114
654
666
635
325
235
414
566
523
323
365
563
311
226
165
132
554
612
522
141
563
644
156
652
464
525
655
562
135
516
416
142
154
232
533
616
421
221
512
645
565
162
323
462
625
636
312
364
346
116
222
231
632
515
315
231
365
332
123
614
165
563
263
525
313
365
232
145
135
246
566
353
643
552
562
511
622
322
233
665
431
233
266
532
125
244
456
146
643
452
131
141
433
464
434
264
611
611
255
556
342
444
635
331
144
146
655
323
553
646
433
466
134
151
654
663
224
312
546
153
123
156
452
644
521
413
463
521
262
321
233
251
364
433
431
351
663
332
546
232
444
522
643
651
453
622
151
562
255
515
315
532
631
651
326
241
422
222
563
656
523
265
522
122
212
331
152
334
355
614
561
654
615
263
315
526
241
616
464
455
444
215
616
266
425
445
545
144
515
115
261
322
665
465
115
265
461
333
153
565
255
412
134
463
565
643
