452
221
663
612
651
515
255
342
145
166
343
453
141
232
644
231
221
326
521
441
616
366
144
132
632
236
235
511
345
312
461
636
651
616
252
436
625
153
543
345
666
241
554
644
261
141
562
636
346
544
452
223
255
123
251
434
216
463
453
421
412
252
666
413
312
111
545
551
632
445
321
146
163
364
545
546
341
156
633
145
245
516
136
226
511
546
322
262
154
221
324
616
223
363
241
536
244
324
422
256
536
343
354
346
646
235
565
133
322
645
451
264
623
445
546
236
135
136
333
163
452
654
435
262
445
135
152
243
362
216
452
331
142
553
112
242
126
335
264
132
122
131
433
221
145
551
123
152
223
316
251
561
536
334
441
453
125
454
666
553
146
662
116
513
114
262
522
433
426
646
215
214
221
124
325
321
354
351
464
146
656
221
152
346
324
465
231
164
522
214
635
156
154
653
115
243
152
141
251
256
