634
432
131
624
311
411
133
515
223
215
513
656
446
464
326
242
151
643
566
332
436
135
523
265
666
522
365
631
342
342
253
361
342
613
362
215
114
125
562
522
115
535
135
653
255
413
342
631
353
412
321
334
256
366
656
233
451
312
441
231
214
134
225
552
453
663
115
365
223
255
361
541
252
345
323
535
133
315
323
153
166
331
165
115
136
354
231
524
111
331
131
615
636
263
623
565
525
546
255
455
115
224
415
263
264
453
455
442
241
321
654
551
422
626
114
652
114
645
431
123
211
145
335
412
165
513
541
653
334
342
664
152
363
111
123
415
431
664
465
215
515
552
434
316
441
663
613
354
235
421
564
641
631
651
652
264
212
153
521
243
565
663
655
252
223
146
146
461
234
136
224
446
462
354
411
231
415
666
234
156
631
135
244
211
222
632
322
563
322
445
525
416
451
113
566
334
241
315
521
263
362
142
516
364
415
651
211
464
336
534
352
241
113
424
416
432
235
415
245
444
335
641
253
261
531
523
535
536
222
331
513
542
545
353
664
424
311
341
515
434
521
534
654
525
213
216
366
652
226
111
423
314
422
154
656
613
215
344
451
451
145
132
463
232
242
534
616
526
443
442
126
416
656
326
224
311
663
264
631
165
564
564
351
212
355
362
216
526
321
636
115
632
346
326
162
542
512
621
255
553
314
516
326
411
261
253
355
525
145
221
322
154
562
651
261
111
264
525
655
465
111
645
265
641
341
134
125
115
234
521
363
165
525
631
345
126
336
264
252
656
421
131
635
442
442
213
522
116
426
232
