412
245
155
316
536
144
616
331
666
624
635
453
251
611
125
542
451
263
211
346
533
316
231
133
266
255
515
342
536
155
123
115
323
123
243
514
132
311
564
363
541
156
566
134
245
445
621
611
324
513
316
123
614
411
142
356
444
253
353
161
554
643
263
236
456
441
432
236
664
621
151
316
315
516
432
352
565
366
344
665
145
626
153
355
421
452
566
526
655
144
121
626
453
556
663
424
651
415
365
153
425
143
626
322
163
332
515
163
612
511
325
651
256
123
215
231
161
221
533
615
514
116
211
225
644
145
454
155
426
556
555
353
565
556
533
465
523
263
522
412
421
356
331
534
461
212
141
562
362
521
355
342
366
511
562
344
213
455
533
341
122
311
215
165
434
142
313
421
115
515
124
665
341
165
363
463
423
655
354
516
545
565
223
445
364
613
133
634
243
322
561
261
355
556
242
361
124
324
131
625
611
115
615
426
211
324
255
643
632
141
234
124
151
123
564
466
611
633
333
341
633
545
142
622
421
244
562
354
621
124
522
152
415
553
152
633
454
614
535
312
235
652
463
562
426
116
542
346
246
342
633
124
532
346
313
663
453
636
531
511
453
523
145
151
662
232
115
231
242
444
441
516
533
345
122
421
133
151
644
564
651
446
151
264
646
614
564
622
312
332
326
516
566
143
124
224
554
455
354
526
363
234
623
421
246
661
521
531
224
152
345
552
546
363
125
342
312
656
411
455
133
632
362
654
246
453
656
413
363
654
246
613
363
146
642
225
655
132
563
564
516
133
146
222
411
526
461
525
566
425
516
561
552
542
511
451
635
253
433
156
116
312
655
361
533
553
322
433
131
555
656
343
213
315
116
443
432
213
541
431
564
315
545
663
355
533
436
132
466
531
125
322
524
136
636
416
442
144
325
313
445
212
325
243
144
441
366
666
164
463
552
513
453
232
555
656
516
162
551
256
453
143
452
236
541
641
441
335
323
634
434
152
446
463
163
321
221
636
256
114
511
641
351
512
131
355
154
464
154
646
321
141
233
632
522
111
425
655
112
234
335
264
233
225
425
656
515
233
114
543
336
626
536
553
441
423
256
255
312
236
152
654
324
521
465
245
121
512
662
336
355
145
611
464
524
315
661
245
621
236
445
245
432
655
431
563
611
314
526
226
644
516
663
351
362
114
634
561
565
216
343
431
651
222
143
213
512
244
414
132
665
244
621
233
643
634
413
615
233
463
115
412
343
356
652
453
263
611
146
235
126
546
341
233
365
235
352
432
164
635
532
111
646
354
436
466
226
225
431
344
331
222
314
362
113
316
132
256
142
666
445
442
636
511
622
262
442
655
613
353
235
453
642
235
454
144
315
356
465
521
236
166
411
566
656
455
243
413
256
315
453
441
456
265
164
216
435
613
236
524
666
614
131
454
342
615
245
163
225
641
263
113
246
624
435
644
233
516
534
455
124
666
211
132
436
341
432
214
643
361
451
162
642
616
513
651
264
631
121
452
365
156
413
142
445
214
565
423
224
454
136
441
133
342
342
641
233
221
334
533
122
456
365
135
553
141
126
136
343
453
211
263
114
132
624
232
355
665
645
122
261
211
163
115
155
424
334
313
456
162
424
361
132
152
326
213
151
411
241
145
143
233
136
514
533
533
545
114
152
325
344
432
554
521
642
251
126
116
624
355
562
316
313
621
653
453
424
566
121
144
344
613
365
426
633
423
615
422
131
332
131
523
643
615
413
225
263
322
526
654
535
365
316
145
234
613
315
553
126
542
624
662
161
314
633
212
334
433
142
341
113
613
664
546
333
664
615
436
114
521
333
355
631
545
214
135
412
616
332
166
143
661
614
615
242
616
416
131
113
135
151
645
126
464
166
421
423
263
151
622
562
553
514
512
566
353
235
655
254
633
123
111
452
541
222
313
511
654
213
556
533
123
615
145
655
266
316
214
215
434
341
215
622
134
654
154
321
361
651
364
125
135
413
411
614
514
364
322
212
434
665
522
512
435
126
122
645
345
524
525
116
451
365
454
332
432
656
244
553
351
612
263
446
624
554
665
144
466
553
632
634
213
415
144
615
453
521
631
646
351
122
431
151
443
315
363
332
111
425
135
662
233
131
435
152
213
212
314
551
632
254
651
424
423
233
562
654
554
235
433
366
424
366
225
234
562
262
214
523
632
612
362
611
115
112
135
344
353
565
326
364
234
333
112
633
261
652
643
225
511
313
256
321
123
142
144
362
465
415
112
326
521
112
336
456
166
424
452
441
621
