544
164
516
364
226
121
232
416
132
153
415
344
415
443
266
323
516
113
341
331
416
213
553
545
411
413
513
155
335
223
163
415
335
611
112
421
553
441
635
154
312
162
515
225
254
652
435
322
346
446
154
442
143
151
123
645
166
556
565
263
531
256
353
155
551
132
553
431
265
423
661
631
343
453
626
446
425
424
121
656
524
264
544
412
121
562
654
314
526
662
325
646
454
446
653
115
631
131
333
424
361
416
321
225
134
111
645
412
333
614
434
116
453
521
514
465
262
421
436
666
145
523
154
345
322
643
165
651
632
265
552
516
621
543
311
244
541
146
233
331
161
426
663
652
166
335
144
242
121
453
626
253
355
145
216
655
562
364
443
625
312
616
232
123
322
424
425
454
363
646
412
436
651
563
465
334
131
135
433
125
632
421
431
141
146
352
214
326
446
136
132
222
331
562
552
533
365
221
561
224
153
555
614
613
661
121
366
143
562
112
661
334
166
462
254
162
346
634
153
614
431
534
331
555
543
136
664
535
351
322
512
151
264
345
514
325
522
464
442
413
625
445
326
522
452
556
252
114
136
361
143
526
462
234
344
425
145
235
645
616
443
226
466
564
133
644
315
466
565
342
543
116
342
443
466
346
161
211
616
141
336
243
664
535
634
232
541
255
165
654
225
166
324
314
535
326
463
413
216
542
