625
413
356
562
652
644
615
262
166
313
326
423
134
254
621
666
215
552
634
264
262
532
645
114
311
524
565
421
113
165
623
122
352
464
214
222
645
631
543
226
644
655
221
245
222
152
633
254
422
534
345
141
532
442
146
225
124
111
412
124
536
326
416
531
345
564
142
534
353
342
651
414
346
343
431
463
316
263
113
234
423
216
243
145
631
564
535
413
353
415
535
155
136
631
142
436
554
366
234
363
353
433
546
233
165
616
441
445
643
552
412
365
122
666
325
614
636
623
554
566
562
525
416
546
563
311
414
562
536
641
641
641
253
334
146
465
654
645
566
215
223
123
556
123
632
142
463
423
562
241
