464
535
622
332
642
346
212
114
633
131
652
235
123
534
215
132
253
146
213
115
362
114
544
121
615
162
651
325
452
136
554
336
232
446
166
254
142
666
126
212
546
363
551
542
143
356
245
132
514
563
144
541
315
142
121
243
461
642
151
462
524
565
242
562
423
641
236
412
656
254
632
154
626
655
122
361
154
561
433
236
635
136
425
253
223
116
333
646
261
253
362
243
432
646
362
321
433
245
653
146
511
144
146
135
344
415
133
431
152
324
434
513
214
234
415
121
445
656
165
445
361
124
131
554
162
663
411
523
342
363
512
534
131
231
231
456
645
651
523
614
562
134
262
445
114
152
626
135
245
224
233
456
121
362
435
621
262
322
614
525
213
453
156
522
664
212
432
454
165
646
242
513
466
346
464
155
642
616
265
326
134
141
464
331
515
224
441
225
553
442
663
163
361
441
362
212
555
312
156
116
534
466
122
523
655
421
353
465
223
263
651
633
543
623
365
136
221
221
361
322
614
333
613
615
164
562
445
316
252
341
613
264
643
225
242
426
636
322
346
236
646
135
435
422
211
263
122
411
135
621
615
424
644
564
234
266
131
222
544
266
361
643
545
132
645
622
644
426
453
546
423
364
144
433
325
554
311
524
166
415
123
652
526
213
322
414
322
355
165
332
535
365
354
644
161
414
311
341
451
135
466
525
463
241
456
456
426
222
453
242
215
342
142
111
415
563
361
556
563
331
622
113
343
221
213
146
652
613
633
215
231
122
225
454
142
265
125
261
554
542
216
552
115
655
425
331
512
553
145
134
221
516
625
521
143
626
216
335
341
452
162
565
221
216
413
633
164
634
431
463
633
635
524
525
162
641
514
554
413
224
155
252
435
346
655
653
532
115
653
446
553
656
151
265
226
135
545
146
141
663
251
153
643
564
454
655
566
122
345
135
313
145
423
164
651
454
616
563
425
323
611
562
651
462
633
362
552
152
326
454
541
361
423
244
612
211
252
441
433
364
354
411
164
434
415
244
112
555
652
252
445
462
556
441
336
423
431
533
665
316
161
355
322
633
535
424
231
421
425
333
666
621
453
215
122
341
243
336
253
633
644
663
463
421
662
156
413
133
515
421
254
523
643
266
114
462
613
666
463
366
616
262
332
656
321
241
255
631
232
364
112
631
561
414
545
451
622
166
135
445
315
612
453
436
162
552
652
432
254
534
332
512
626
263
251
161
461
133
156
325
111
312
261
362
566
244
213
532
132
614
221
126
534
252
622
555
525
112
663
111
544
413
432
221
534
243
154
641
522
263
646
536
254
311
544
363
231
652
545
124
542
666
161
653
564
366
153
215
121
366
663
456
511
233
163
235
215
434
234
511
