344
234
414
361
346
216
345
644
122
546
544
525
452
552
636
236
554
566
162
335
555
455
515
554
556
562
515
323
335
353
664
221
462
664
131
365
242
661
525
141
132
142
155
255
166
431
442
352
141
615
341
333
522
365
634
656
456
346
315
111
553
341
535
245
634
646
542
155
136
152
435
626
411
652
444
164
461
155
236
664
164
141
523
154
243
611
222
662
264
556
565
322
233
536
133
533
621
431
645
344
153
163
113
453
335
213
222
512
354
121
133
634
436
424
321
455
513
462
341
263
134
262
514
463
112
662
361
646
541
444
424
445
523
142
151
131
362
611
443
551
145
124
456
361
233
323
322
413
412
332
141
654
415
251
323
243
534
246
351
653
355
646
621
161
531
355
131
255
664
122
416
165
516
653
653
112
154
322
214
613
643
261
334
332
464
156
566
331
524
132
141
421
353
633
513
322
416
122
231
231
534
435
521
132
464
345
645
216
631
661
312
112
122
154
553
431
111
631
623
531
454
354
541
153
512
362
545
156
314
426
656
264
661
321
335
651
111
553
234
543
546
326
324
363
435
621
545
312
425
156
346
131
315
114
143
411
526
464
611
655
564
561
656
422
423
156
332
513
162
225
222
143
625
354
235
214
214
432
464
566
451
114
222
562
623
256
561
234
565
154
456
524
651
615
652
434
516
256
432
625
332
623
663
356
636
335
546
351
565
554
215
151
622
443
461
466
424
565
162
263
354
641
115
641
265
124
263
521
626
351
161
423
355
355
243
645
355
264
143
544
264
235
223
331
335
354
652
335
135
243
232
215
226
216
532
215
155
412
216
521
311
422
436
544
111
651
324
641
112
623
563
236
564
553
413
553
554
613
261
111
232
464
123
612
152
335
333
533
153
544
166
545
164
444
231
616
451
555
264
314
526
425
613
654
212
665
122
436
416
451
461
145
622
263
224
641
316
246
525
516
536
341
143
625
411
365
536
442
353
255
215
351
165
113
666
133
261
643
143
535
465
664
433
335
556
466
311
265
656
662
225
415
155
241
412
321
161
145
234
331
443
514
234
163
312
526
421
113
225
144
614
124
436
241
454
211
624
515
152
131
643
652
411
545
562
213
614
343
421
523
235
225
114
454
444
524
612
146
345
625
123
542
224
431
132
554
553
531
561
654
421
366
643
223
256
432
215
643
566
532
524
146
255
626
441
646
222
226
564
526
145
225
115
452
315
141
613
134
534
231
616
364
443
262
636
161
611
244
245
146
362
511
655
343
565
163
525
552
146
323
544
645
265
163
132
543
262
614
251
133
652
123
235
526
114
541
535
314
456
141
454
314
441
361
162
434
655
341
164
252
333
211
524
335
526
665
142
534
536
641
613
342
335
651
235
645
366
546
155
564
155
164
633
546
656
541
243
362
254
636
545
662
162
651
212
424
656
536
246
634
623
324
431
144
165
443
411
646
366
544
363
535
214
454
335
511
631
522
416
533
544
151
612
253
614
354
215
431
334
123
433
464
232
154
436
344
165
352
233
622
651
545
433
265
134
136
564
463
162
465
623
141
263
553
361
134
526
442
566
254
332
631
143
544
264
152
453
255
232
415
613
314
453
263
222
153
631
351
144
242
665
643
526
234
651
111
541
456
446
225
245
243
222
233
664
312
361
516
265
141
614
352
644
366
124
435
544
155
243
644
164
533
626
621
441
635
541
336
432
544
212
231
222
634
246
564
212
652
333
112
654
645
654
411
242
112
612
552
221
564
641
123
134
125
426
235
652
432
356
314
243
422
233
241
262
263
333
645
555
354
115
163
233
454
212
164
416
114
466
265
532
216
122
414
234
456
424
546
354
626
634
611
665
665
521
344
216
666
553
361
656
313
623
632
533
412
515
615
641
566
654
264
615
331
453
323
216
556
654
355
351
242
614
342
513
215
341
453
126
244
412
664
321
433
322
364
224
326
142
623
243
161
552
645
323
111
632
624
246
144
631
341
126
124
164
323
351
462
615
332
352
263
264
541
614
512
326
613
335
125
261
651
552
625
536
246
543
111
612
661
136
633
436
355
444
114
435
146
466
246
325
664
145
336
131
216
141
356
111
225
514
643
524
623
515
364
136
613
443
212
163
512
432
562
514
654
263
661
311
145
136
245
211
156
624
645
336
142
441
611
166
114
144
245
623
655
542
446
314
411
266
143
563
314
224
121
554
241
613
242
412
421
324
636
641
633
126
341
236
543
251
363
213
125
641
622
344
563
513
365
335
242
533
621
441
336
635
535
345
633
136
361
216
622
351
153
423
435
354
156
655
551
641
565
655
341
345
556
254
143
454
214
556
316
543
644
432
413
354
413
562
415
664
636
416
451
424
564
336
535
531
362
322
223
561
142
243
251
246
626
333
152
426
131
532
331
621
244
663
436
633
632
664
313
352
253
656
265
525
613
661
133
453
664
124
333
611
252
233
633
156
112
152
344
613
435
216
522
326
662
312
312
433
124
331
626
464
614
654
652
346
224
342
132
151
321
436
414
263
165
624
362
162
133
341
235
641
424
121
334
454
164
322
355
264
434
131
355
444
352
456
212
436
426
463
353
454
536
514
331
422
125
113
662
332
524
663
465
645
532
555
323
443
456
466
155
213
251
435
251
232
554
416
456
351
333
526
222
554
442
232
343
261
436
214
321
123
615
536
643
124
345
132
332
655
214
125
622
662
565
442
322
155
126
154
224
353
112
132
343
356
126
444
466
531
112
112
446
661
622
453
326
112
433
364
554
246
123
211
414
662
563
325
652
134
641
513
655
335
151
233
451
344
542
411
414
642
226
351
424
324
656
164
213
642
616
324
454
456
211
612
246
235
411
645
232
154
511
164
363
312
122
152
454
355
644
344
445
355
214
366
114
536
511
616
431
544
623
361
464
134
321
211
421
444
563
626
646
324
546
461
233
631
336
263
521
213
226
362
642
111
243
613
154
411
321
546
365
251
321
366
555
113
551
325
664
214
322
453
311
654
155
335
112
564
342
311
152
655
545
452
112
626
243
333
314
611
454
615
625
561
262
125
552
444
556
116
236
411
164
612
614
531
443
136
231
245
362
423
332
116
126
415
463
366
333
145
334
122
261
313
143
324
121
424
254
522
645
364
615
321
451
551
621
314
462
343
134
646
143
235
635
611
236
113
326
534
641
142
315
622
122
165
526
124
213
134
242
233
212
336
523
414
522
524
252
316
542
233
544
641
266
254
441
523
611
414
166
256
161
115
113
112
355
361
655
224
522
616
641
521
432
344
421
161
533
551
451
635
225
315
245
155
532
366
412
225
225
131
655
114
351
255
341
533
514
153
123
446
365
311
252
151
432
556
661
526
352
456
164
141
214
665
315
145
211
642
251
662
462
522
144
242
335
543
115
234
354
422
155
451
133
256
631
324
356
166
421
424
532
451
424
656
164
115
244
321
545
512
656
614
552
356
541
362
633
123
154
315
121
566
653
455
136
122
416
556
262
431
354
246
435
226
331
553
355
362
134
512
232
133
441
662
535
325
235
224
354
356
431
116
652
413
666
534
355
515
521
121
326
562
456
455
355
335
325
222
544
223
365
555
421
526
114
624
446
634
333
451
455
224
336
245
522
343
426
441
651
145
435
462
513
313
125
355
654
363
321
456
451
151
414
425
446
425
624
444
443
662
526
662
351
514
114
434
143
434
511
465
335
126
516
535
215
425
116
141
264
644
311
464
143
336
225
444
513
142
456
622
262
434
156
124
552
262
163
621
436
641
332
624
614
653
313
165
666
365
444
562
365
365
515
664
652
315
314
642
256
156
213
612
261
445
442
133
251
514
241
612
364
624
231
564
144
336
554
516
154
111
262
446
366
334
633
655
536
664
251
614
115
343
641
251
344
646
313
464
145
325
452
545
122
564
366
512
445
342
141
445
545
424
265
423
122
315
411
254
656
563
232
224
333
514
641
146
324
161
442
515
361
145
164
655
311
653
544
133
345
143
112
265
463
541
466
623
121
463
213
661
451
162
622
464
545
524
436
236
663
426
312
362
235
161
522
512
223
435
621
562
151
466
261
341
246
366
331
426
425
254
444
335
616
341
365
316
364
422
455
351
263
431
546
114
214
424
216
662
264
215
341
152
312
432
526
124
666
435
321
226
623
321
166
566
334
516
232
411
452
621
343
122
431
161
252
636
356
455
525
663
626
614
341
645
126
236
423
665
256
421
115
666
645
365
443
656
231
126
563
622
214
323
534
531
242
562
164
233
326
425
521
534
312
225
434
566
544
214
262
533
264
646
113
153
241
123
321
245
444
664
612
221
435
541
143
366
126
116
125
216
413
514
556
631
336
321
166
314
464
123
323
116
426
536
446
153
154
341
255
521
615
311
236
215
546
233
241
542
466
256
461
661
654
122
251
434
562
336
242
351
434
114
145
646
664
223
665
134
614
514
542
344
111
561
622
144
131
251
534
151
132
416
456
556
161
352
113
264
563
244
231
556
543
366
263
264
623
556
543
566
533
445
142
341
435
542
351
544
562
434
555
