666
421
441
516
435
123
445
543
565
454
655
532
341
646
162
165
553
641
345
364
236
225
142
262
134
316
231
222
412
624
234
365
452
652
223
524
465
244
653
352
531
156
233
566
232
542
144
541
153
316
441
552
444
153
232
561
261
465
111
143
246
662
124
266
331
166
532
264
213
132
413
663
252
155
555
512
131
626
124
143
143
641
166
552
462
521
214
155
624
231
334
642
566
636
254
112
155
254
364
663
156
254
564
313
562
353
514
645
626
135
422
344
526
543
344
134
446
514
255
423
135
253
366
436
224
325
456
316
441
144
621
556
231
466
526
642
144
563
136
441
143
265
563
144
216
166
352
636
663
355
115
353
234
314
262
256
313
315
434
664
534
351
354
615
226
256
446
132
112
626
634
251
324
231
534
255
643
434
362
345
516
655
136
241
335
331
465
264
613
341
621
635
564
235
131
441
441
544
233
411
564
226
536
441
453
166
655
525
252
265
335
225
312
125
313
235
224
262
612
414
235
553
241
324
266
125
331
214
263
243
156
553
461
552
666
423
622
321
131
535
144
131
232
432
544
332
345
143
264
454
365
455
125
316
366
131
135
235
245
551
551
455
436
415
566
416
354
366
225
543
123
441
664
646
356
211
144
455
552
122
646
625
214
633
163
333
136
323
453
335
244
341
235
356
512
214
313
542
325
445
543
354
535
136
456
254
525
661
431
621
544
135
651
443
634
625
653
331
351
131
416
311
211
566
655
534
254
555
166
515
311
511
546
555
515
612
466
362
243
222
461
664
226
651
533
415
462
341
665
634
316
254
135
614
244
545
551
246
463
243
264
563
413
416
136
466
353
266
452
415
655
112
662
344
165
116
423
612
321
422
426
361
551
212
211
133
266
511
456
641
311
355
526
456
166
345
662
261
152
622
314
355
132
463
413
413
626
453
143
452
121
341
556
533
131
356
623
436
251
215
155
522
465
211
232
425
625
163
411
446
532
614
426
442
664
644
541
442
656
163
456
341
211
146
241
624
223
436
154
256
435
616
532
631
452
455
564
443
522
153
325
643
215
265
221
514
256
154
434
456
262
421
544
513
364
616
626
315
215
213
626
111
134
134
365
125
235
435
155
241
623
221
531
362
213
451
463
362
551
443
554
414
336
414
462
134
343
526
446
245
144
322
256
464
425
423
445
156
541
455
251
135
536
541
564
564
635
435
212
662
513
356
652
614
642
331
561
612
452
124
426
226
514
211
134
443
124
623
511
615
663
515
633
142
161
315
545
251
444
645
554
125
346
345
166
323
151
611
111
512
322
445
644
252
324
113
664
523
643
255
454
634
166
122
462
542
125
466
365
124
454
524
362
224
431
553
431
616
252
646
512
121
431
626
126
516
353
434
263
311
354
533
631
666
253
246
413
456
462
244
511
216
663
314
663
445
361
163
541
462
255
654
421
534
245
641
162
523
354
253
324
563
255
166
445
446
511
335
123
325
425
565
651
424
224
555
156
434
666
256
124
142
554
366
325
352
141
164
665
563
231
222
361
216
133
635
624
126
116
435
411
236
451
162
213
634
524
541
316
225
132
132
525
521
442
156
462
444
146
534
