222
135
613
145
424
336
134
151
154
652
342
323
641
341
444
466
556
426
443
533
255
531
146
144
611
363
664
656
146
311
366
135
146
511
163
612
464
354
635
211
354
366
562
216
355
666
652
621
642
541
626
133
435
534
451
435
241
215
215
546
545
442
431
453
264
126
661
336
662
152
621
134
421
623
263
216
555
163
344
542
164
664
442
213
234
124
331
346
566
222
225
513
222
513
253
524
365
456
644
352
416
333
455
136
263
335
361
423
216
311
356
546
365
455
461
632
342
635
326
145
263
136
546
652
514
461
652
534
346
253
352
432
646
162
165
546
535
361
512
216
432
555
113
413
415
225
242
322
212
421
654
113
443
321
566
455
322
312
562
254
336
256
311
151
565
242
464
345
532
233
624
666
125
165
135
315
321
225
233
134
313
363
611
615
364
634
661
345
434
335
336
442
432
145
236
154
436
212
535
651
234
414
146
624
553
534
461
216
331
531
136
334
616
523
325
533
114
613
552
344
635
433
314
526
364
543
322
525
335
535
223
656
153
464
462
665
132
425
251
526
145
645
126
153
161
656
256
231
323
363
146
145
126
522
166
235
325
161
423
511
351
162
533
242
625
313
531
635
562
654
464
415
435
255
163
213
154
545
214
356
135
215
136
432
666
254
345
632
551
616
423
513
622
442
516
433
431
541
223
452
