462
322
322
552
412
132
654
656
513
141
451
162
365
431
315
442
516
444
125
163
212
133
441
663
545
443
231
466
661
463
152
443
626
663
162
433
456
222
362
113
441
625
126
322
422
534
535
435
535
431
165
526
561
133
661
254
423
252
522
162
143
551
131
153
666
322
311
243
645
332
552
626
143
254
652
454
346
422
464
341
354
546
233
462
112
264
554
254
642
613
454
436
444
312
531
645
422
246
321
152
222
322
251
431
546
566
432
133
452
143
356
224
665
636
266
522
326
651
546
523
422
163
533
241
553
441
553
245
551
143
245
632
436
443
612
515
245
314
625
321
326
255
255
323
325
556
365
415
265
213
131
421
523
645
125
436
246
366
116
615
522
236
652
234
351
216
426
214
146
253
636
355
135
661
141
154
256
344
532
112
442
543
313
162
223
166
235
656
355
345
526
453
453
212
612
323
463
211
444
643
132
146
151
614
335
112
535
313
233
613
233
245
444
644
226
641
551
661
142
614
121
632
263
563
221
544
362
542
412
142
566
445
532
616
636
522
531
662
122
163
453
146
566
254
463
253
224
612
242
446
453
216
223
141
414
326
244
215
161
534
166
615
666
636
556
314
656
553
321
136
332
423
643
256
316
323
321
156
533
145
332
435
161
231
524
134
534
313
254
214
513
622
551
362
212
554
526
546
143
136
413
361
533
653
123
613
363
445
532
214
545
564
466
222
162
125
544
362
345
243
411
532
525
412
636
151
445
434
366
534
362
431
553
556
464
653
436
312
421
536
566
621
545
521
115
642
442
124
561
626
552
454
235
342
433
521
341
342
323
325
513
166
316
211
451
516
332
221
643
214
561
524
246
551
252
416
331
165
426
443
644
614
662
223
533
122
442
313
323
251
122
654
243
215
531
533
535
161
312
224
546
116
563
141
661
443
561
122
613
216
162
123
515
624
546
514
211
615
463
531
144
236
266
451
335
136
464
361
224
215
131
635
316
525
644
523
543
415
435
525
461
653
645
246
455
346
313
412
162
552
321
412
331
344
513
626
411
611
654
143
452
636
444
154
324
566
321
265
366
332
534
542
545
334
453
646
266
425
353
151
146
422
664
436
361
622
416
222
335
445
634
431
523
625
651
513
224
164
442
432
