144
342
441
315
462
542
213
254
553
111
266
666
221
141
456
454
541
661
612
344
342
114
422
116
134
216
661
154
346
353
221
542
211
522
441
445
234
534
626
161
356
626
146
421
443
463
141
426
524
534
642
334
413
151
442
432
251
224
154
142
616
656
422
352
463
623
434
463
552
113
452
244
225
644
165
625
466
416
462
161
336
441
625
353
162
661
544
155
133
352
256
164
236
165
355
556
361
421
214
632
222
643
352
533
433
424
231
521
512
524
433
324
122
341
455
564
513
556
141
151
655
141
252
345
332
656
164
422
461
541
553
613
653
231
143
626
634
264
126
134
312
265
666
262
312
441
356
411
361
132
444
531
141
534
426
565
232
312
323
541
224
655
645
525
255
611
563
133
525
511
322
346
242
426
234
525
524
632
311
555
363
511
226
465
241
264
235
355
615
543
225
315
213
314
455
213
553
252
251
315
361
363
244
563
522
241
136
126
262
224
531
131
366
655
225
621
214
545
356
211
561
661
665
324
234
354
156
644
644
156
163
445
225
211
323
422
446
333
521
221
513
632
126
136
543
452
535
456
413
143
146
156
656
514
456
514
512
163
412
551
413
541
351
252
243
564
631
422
522
551
252
352
315
652
351
116
441
661
231
251
445
665
422
252
346
541
665
515
532
564
664
211
512
165
163
213
623
334
266
513
361
661
353
654
446
654
133
264
225
334
154
262
513
163
461
654
336
315
464
455
254
635
146
411
414
526
643
136
523
234
235
623
616
652
351
653
324
241
321
146
555
434
554
461
525
161
626
643
426
514
426
231
126
645
416
462
126
466
643
142
566
362
442
224
331
265
531
212
143
646
544
264
231
225
462
135
515
656
414
651
564
152
112
125
146
313
355
431
163
411
662
226
415
535
126
624
315
644
512
624
642
261
542
213
646
212
562
454
465
212
253
455
214
252
331
313
264
315
533
166
432
521
265
112
256
465
551
455
141
622
365
462
521
222
351
565
143
235
662
651
535
546
455
225
335
226
263
422
523
654
356
124
635
254
112
333
513
256
441
421
345
553
224
552
146
446
453
443
133
653
421
335
661
436
243
233
542
546
424
524
414
116
326
424
454
634
256
546
633
125
332
153
243
465
246
455
561
654
441
242
631
653
313
432
366
145
616
623
563
355
355
141
146
633
412
553
664
341
125
311
566
313
252
542
361
611
232
643
352
226
655
261
122
652
415
156
616
665
562
412
611
345
333
213
252
114
152
344
155
626
564
444
443
133
354
216
452
221
442
361
535
461
431
324
164
535
416
523
551
641
245
533
634
624
215
564
241
126
113
232
546
511
242
613
655
115
525
442
533
212
624
161
545
255
563
526
525
642
521
555
653
566
453
651
326
342
652
542
666
642
555
566
536
421
566
145
321
655
242
423
563
356
346
523
326
122
321
346
412
443
153
523
431
435
511
231
613
646
531
423
366
336
662
112
245
545
426
442
663
221
661
463
551
214
626
112
544
636
514
265
212
644
233
142
454
222
252
132
426
122
366
436
124
423
513
453
536
123
526
641
235
423
512
355
246
563
512
565
463
155
151
415
326
156
126
514
344
566
426
462
435
334
131
224
345
314
565
212
416
624
641
125
512
112
245
641
424
425
661
125
664
462
144
264
526
144
156
656
562
525
134
226
251
666
121
463
634
256
555
242
532
332
361
314
421
245
244
452
463
462
354
326
164
544
231
352
161
332
411
153
112
263
465
356
212
242
254
654
644
164
661
656
123
364
111
316
464
545
445
256
666
261
114
321
351
436
553
125
322
554
151
263
653
622
452
454
121
653
155
543
526
416
321
142
434
255
135
266
136
252
436
441
522
126
432
136
425
644
644
353
254
326
333
121
164
543
233
523
125
462
414
162
452
245
662
612
343
315
551
443
341
652
156
511
153
331
525
461
533
441
643
144
326
442
116
423
635
546
523
623
114
356
465
644
334
562
566
426
531
615
244
535
635
341
442
514
311
133
336
631
235
665
653
633
122
621
553
451
312
266
234
133
535
563
654
561
431
563
645
366
332
113
636
614
233
555
124
433
423
524
614
226
465
211
435
225
412
661
254
511
244
545
323
221
661
145
244
165
463
616
662
633
611
325
235
433
153
164
321
313
232
215
441
461
146
144
353
452
341
413
114
465
464
622
442
434
435
122
346
152
633
142
551
331
255
264
424
511
243
131
425
163
255
252
143
236
511
135
111
232
352
521
513
421
413
355
234
144
611
366
112
331
113
434
262
636
211
546
225
235
