113
224
661
321
241
566
441
244
661
214
146
255
534
326
124
161
545
433
125
512
336
324
116
613
623
445
162
134
366
123
651
443
445
414
146
545
164
321
311
146
442
542
524
526
443
443
352
111
416
335
546
552
446
612
423
444
134
355
644
326
644
656
464
555
135
616
321
563
121
621
336
166
126
226
651
144
254
321
443
155
325
363
156
125
341
562
436
414
236
156
324
644
623
526
152
665
423
641
141
335
254
464
453
641
155
523
124
314
112
652
131
165
516
261
352
125
553
423
643
653
614
642
635
625
135
641
315
631
562
513
555
632
252
131
321
331
341
444
461
313
235
416
556
141
325
222
631
521
336
663
334
411
531
514
623
166
411
626
613
555
662
252
132
626
264
235
136
434
252
435
351
636
544
166
245
553
153
636
231
652
565
223
152
564
626
626
456
455
144
224
363
441
522
344
543
136
535
453
521
654
