353
242
162
332
241
126
262
352
262
236
146
646
256
541
526
353
345
546
545
445
643
655
236
436
422
534
522
261
525
552
125
213
124
622
362
463
166
251
414
325
544
221
666
452
153
611
651
536
362
432
115
366
341
442
145
524
134
225
422
623
342
315
534
614
415
411
416
565
314
253
326
564
315
362
132
145
415
146
514
213
124
533
165
466
356
253
255
641
622
343
616
522
643
612
353
351
132
651
643
413
321
365
336
465
125
131
324
346
666
222
656
455
135
141
132
211
421
651
226
116
316
363
522
221
656
543
622
445
212
521
421
361
453
263
264
455
322
112
153
564
156
664
526
232
512
464
555
433
264
436
223
315
265
134
323
546
255
436
666
226
626
454
663
354
334
145
266
455
642
632
154
235
654
533
624
231
443
526
662
662
425
635
331
554
254
641
644
242
355
424
433
664
615
125
533
446
615
231
543
465
145
112
534
526
126
621
265
515
112
425
444
362
126
311
116
314
631
165
616
456
211
325
112
124
251
554
143
234
552
245
353
424
261
165
355
113
261
545
623
224
152
164
256
364
166
533
635
364
636
266
212
216
226
533
435
442
622
632
262
654
566
441
622
521
655
232
512
543
316
455
343
142
621
311
341
352
154
122
561
613
526
311
142
232
432
651
464
336
222
343
634
261
464
434
344
335
532
436
612
512
235
556
616
235
564
115
216
642
664
123
162
456
166
526
614
526
635
655
463
414
233
652
632
434
422
442
531
524
326
644
456
162
451
533
155
355
656
112
446
223
513
534
546
166
246
322
662
132
521
561
136
514
541
651
244
413
643
242
354
264
266
552
623
241
153
515
111
354
266
661
632
146
655
323
125
452
241
441
511
111
313
324
452
136
454
211
561
311
522
262
235
542
566
613
435
542
443
523
455
631
