466
636
262
642
546
656
623
462
441
233
135
626
223
134
245
522
224
122
546
664
265
156
213
551
326
326
426
411
556
425
433
211
244
522
641
216
334
256
332
256
116
516
534
511
124
515
165
431
265
545
561
411
562
411
431
454
436
525
123
164
364
426
642
566
651
623
245
231
144
243
342
225
232
423
624
223
156
216
442
512
322
231
164
113
615
116
345
143
243
326
535
235
625
512
414
364
545
242
415
165
151
426
452
411
255
514
113
561
566
413
454
152
256
546
622
252
313
636
435
566
315
451
331
163
612
115
116
161
112
565
242
224
612
643
226
464
522
235
464
362
114
212
654
342
261
551
215
456
263
436
334
325
242
512
342
416
514
363
362
322
132
432
333
231
223
143
361
463
235
345
433
225
453
363
513
243
646
211
541
453
324
262
556
562
152
115
162
442
345
661
344
541
165
546
125
225
211
222
544
233
452
314
253
412
531
216
414
211
545
613
362
212
415
562
215
526
135
561
561
156
423
413
625
621
142
441
612
213
243
235
641
626
654
436
331
442
364
124
555
413
235
342
143
414
131
644
453
135
213
515
