623
224
355
413
342
426
111
432
114
611
625
565
234
643
165
666
513
132
331
315
552
413
165
154
616
252
242
153
233
415
455
146
222
611
626
615
411
224
113
111
125
553
646
535
624
413
412
632
122
664
535
543
134
644
431
165
562
131
126
153
212
363
632
334
162
555
262
451
441
511
534
151
633
161
563
561
154
452
656
343
246
312
554
211
464
341
656
526
642
645
442
661
336
322
532
662
266
162
516
163
322
121
513
341
314
361
521
213
425
566
432
343
215
351
113
533
611
535
616
664
413
526
635
362
552
533
261
515
246
513
345
324
244
541
524
315
261
421
323
263
312
153
316
243
646
555
536
111
366
524
635
132
355
435
415
255
652
321
251
166
325
146
566
642
664
624
235
451
335
256
515
512
166
612
313
231
662
662
462
655
325
221
344
264
111
133
453
664
311
616
153
111
241
434
633
162
131
165
456
212
