324
425
635
562
251
265
536
426
413
134
566
514
635
526
246
124
651
233
515
161
433
231
363
416
363
226
461
436
214
416
352
655
332
223
643
621
415
551
613
254
315
136
361
256
635
464
451
513
522
156
144
535
355
554
542
544
561
325
266
366
524
344
512
253
334
325
161
412
443
616
146
323
554
534
135
346
364
623
214
161
132
316
125
222
444
221
136
465
635
436
262
242
225
146
435
624
226
336
111
654
155
642
664
311
254
543
341
424
521
262
233
414
142
426
541
516
423
151
216
656
252
146
516
262
152
123
331
653
531
551
111
663
545
616
366
244
131
513
313
166
365
263
113
361
451
551
355
551
331
112
632
522
523
253
533
366
113
625
414
526
166
114
546
154
153
536
412
245
325
235
452
464
163
312
656
662
653
526
153
255
322
231
565
641
355
442
226
511
556
622
221
223
536
334
564
426
245
631
656
633
311
654
435
534
125
321
133
455
323
533
523
233
261
454
155
364
223
442
643
164
566
332
216
642
116
534
144
214
352
113
123
132
363
124
612
442
264
563
352
253
452
316
316
525
253
454
365
444
434
164
414
444
242
332
431
661
423
616
461
236
146
534
254
542
314
324
232
464
535
162
534
415
165
312
243
221
351
356
461
154
266
636
553
235
144
165
436
136
562
466
215
633
231
233
123
532
546
422
164
122
443
115
552
534
466
612
543
112
166
242
412
641
143
562
641
165
146
666
564
446
234
446
314
463
431
515
615
262
533
221
655
165
446
352
156
363
462
532
464
254
512
412
353
351
365
545
444
323
634
265
532
134
234
123
312
423
351
163
424
254
524
345
634
134
255
334
351
225
123
414
161
515
565
241
161
413
364
213
463
542
523
566
641
514
446
443
633
451
266
162
225
612
352
455
256
236
552
346
223
422
353
534
624
431
523
543
544
565
115
352
433
623
664
456
141
616
261
654
514
352
531
422
632
156
516
444
615
551
265
536
524
652
544
241
435
366
552
354
242
656
214
521
551
145
155
654
351
553
141
144
421
245
641
564
611
226
244
422
154
163
534
156
364
366
235
415
412
554
654
534
412
535
334
552
653
111
526
156
524
163
542
536
651
353
151
611
214
454
246
412
425
246
512
322
561
612
655
246
435
125
645
614
132
533
522
125
243
651
264
135
521
644
442
266
216
515
556
613
236
135
151
526
142
144
611
432
212
624
152
656
654
261
325
463
613
144
262
166
145
556
212
613
663
654
532
162
243
453
555
621
533
161
362
121
342
516
361
415
626
142
413
661
465
462
513
111
542
444
533
255
134
165
436
133
212
612
114
122
434
555
565
616
244
322
563
164
115
511
443
211
256
411
452
656
321
564
256
253
331
655
635
534
363
661
662
554
352
115
654
251
641
631
211
516
655
622
465
465
434
655
633
344
611
565
434
231
254
135
233
265
133
233
565
623
556
635
255
641
264
511
653
552
541
353
524
634
515
651
111
312
224
314
321
511
146
653
113
643
562
423
523
144
651
456
224
361
351
611
564
264
665
326
232
421
152
533
146
235
214
452
355
133
666
246
566
414
243
345
666
526
541
261
353
113
621
431
355
121
155
162
315
542
231
635
421
664
136
232
246
151
161
215
223
521
466
334
566
335
422
142
416
156
321
561
134
365
254
426
433
451
216
635
566
535
633
551
215
655
143
321
355
423
252
541
416
511
243
646
321
524
116
636
512
263
565
626
443
141
515
442
544
562
556
515
446
561
312
656
521
113
314
311
326
442
664
133
152
144
441
563
125
361
242
515
536
611
515
243
515
121
565
125
243
466
412
435
536
235
234
153
313
225
653
545
343
153
555
634
663
346
441
154
522
342
133
144
226
514
532
526
441
466
235
261
325
165
626
642
213
253
522
532
232
665
265
522
246
666
254
635
244
336
252
363
622
141
643
546
215
115
261
464
425
155
514
362
316
214
421
645
462
665
256
545
141
662
562
443
526
422
411
533
165
656
462
361
212
232
526
551
241
434
522
255
455
345
466
366
215
353
336
314
166
646
425
215
334
651
434
563
664
145
533
345
211
343
655
535
213
225
352
352
244
612
364
532
421
162
363
444
412
365
464
434
266
663
341
254
636
354
565
312
415
424
132
536
651
564
614
646
144
255
365
666
311
336
614
461
452
434
655
645
322
552
141
153
613
545
644
624
344
666
342
543
536
344
342
534
123
132
633
162
261
424
421
341
623
414
514
262
666
531
623
143
631
246
221
341
426
221
116
335
222
245
655
634
411
611
253
165
