541
466
253
164
124
544
251
425
225
145
436
463
443
611
565
535
511
233
635
124
656
161
411
121
233
266
664
466
324
643
421
445
641
666
463
226
262
661
232
252
464
241
366
221
435
432
666
562
316
261
643
462
615
531
345
531
622
341
231
623
442
234
153
421
542
413
155
654
321
164
551
125
612
361
442
313
263
325
411
546
463
261
334
552
416
446
155
612
526
422
566
331
231
351
165
232
565
266
215
312
231
614
444
651
245
321
163
313
641
325
632
526
226
665
515
125
125
341
416
653
324
324
261
413
341
425
216
446
534
626
245
421
163
134
525
234
362
351
414
261
142
141
115
266
132
662
152
216
614
453
211
336
543
163
456
143
163
441
145
223
331
615
653
155
215
112
115
165
632
666
614
462
426
511
461
456
524
142
441
342
213
246
324
431
135
534
446
612
144
225
264
653
442
135
116
442
446
262
442
165
355
163
213
356
632
136
563
461
454
263
243
666
546
326
143
221
515
222
154
444
643
545
616
316
314
651
642
332
255
326
641
541
124
323
212
142
614
465
641
263
445
441
263
163
166
634
113
433
263
366
522
622
545
115
234
532
163
564
434
223
161
113
145
633
151
243
331
532
216
161
351
241
215
326
354
653
631
563
425
215
616
153
443
234
535
225
651
262
142
562
164
116
352
664
556
363
356
322
154
336
253
233
254
531
645
125
536
131
133
353
555
152
245
142
211
221
636
146
364
545
563
523
244
421
464
262
622
351
466
621
663
122
215
324
366
364
455
355
455
626
252
533
561
652
534
354
422
134
434
144
