642
513
631
326
466
651
655
333
224
313
466
442
255
143
543
535
544
424
256
564
511
315
434
164
563
416
124
345
554
265
615
533
113
414
314
324
413
443
263
434
656
661
514
562
326
414
225
225
634
624
435
365
552
436
315
341
433
336
115
656
636
544
441
554
411
514
546
452
431
633
142
635
666
523
265
135
511
415
631
541
631
434
435
534
416
535
565
326
225
426
124
116
246
632
545
224
364
152
436
364
366
411
355
253
146
615
623
435
122
616
515
244
352
335
411
216
112
233
561
243
414
144
611
544
232
336
224
311
235
666
111
426
446
464
212
563
552
565
222
431
356
162
631
123
566
664
632
151
435
663
