153
253
342
535
164
515
656
414
366
353
624
453
436
426
431
216
141
255
524
642
553
423
346
364
445
443
356
523
553
546
223
254
155
551
346
244
256
413
331
133
121
126
366
551
423
434
152
322
153
526
155
221
545
311
116
634
263
362
644
562
234
542
426
142
224
231
624
242
556
612
554
261
251
636
221
154
564
514
116
624
546
336
524
324
362
532
512
111
561
222
666
262
363
653
556
331
325
343
336
111
662
336
146
212
234
654
211
655
351
253
242
162
551
616
131
133
656
221
564
363
253
124
122
166
334
351
343
144
424
533
366
455
346
146
256
265
333
364
236
242
262
155
426
246
452
211
563
525
652
352
335
653
655
642
232
233
326
421
646
443
563
544
365
446
333
113
613
444
644
354
321
355
461
661
324
553
435
412
256
311
413
622
554
115
545
516
145
441
514
411
164
566
615
343
241
445
244
161
223
441
621
442
565
141
365
113
624
321
411
443
653
423
646
541
414
345
145
552
634
354
235
563
656
254
246
446
263
256
323
454
636
152
431
124
165
111
423
663
366
613
554
243
121
521
343
444
524
511
211
664
552
552
323
246
236
261
565
215
225
155
433
616
234
524
312
416
112
262
213
365
421
241
114
525
434
124
542
144
525
436
632
235
655
522
251
441
166
613
112
553
132
446
535
242
555
452
425
132
616
444
