145
431
115
262
411
543
252
411
531
516
523
634
233
141
652
113
363
321
666
165
511
433
335
346
421
626
244
341
344
546
342
144
666
143
232
634
436
645
135
466
232
656
224
314
543
453
615
651
535
553
615
444
536
311
656
225
264
153
534
654
435
364
541
445
344
415
222
534
526
553
462
521
166
314
313
331
543
545
455
514
252
562
465
435
151
351
562
112
314
555
666
625
233
266
221
435
253
144
266
265
214
552
344
325
545
536
122
655
524
614
641
211
333
523
361
331
155
514
211
654
143
442
316
663
351
614
554
531
421
464
342
343
226
543
325
666
441
333
616
162
521
132
334
152
611
365
525
413
521
512
455
423
211
155
315
511
514
652
242
464
653
533
612
241
632
646
322
561
626
335
362
664
613
523
632
246
334
342
252
215
146
316
541
424
621
556
435
335
521
334
553
535
315
322
432
621
212
245
131
266
532
314
142
532
414
263
663
166
365
541
522
134
123
256
315
624
421
533
113
155
431
656
213
525
225
432
355
642
323
321
662
114
534
441
645
614
655
322
624
536
562
316
443
416
153
522
126
553
154
443
112
355
643
446
335
165
442
226
224
413
266
453
663
144
441
316
634
215
312
432
325
656
335
146
561
534
162
663
166
555
323
446
433
532
365
252
213
512
135
431
542
514
255
533
635
351
366
514
222
253
345
554
331
561
254
366
535
446
242
352
341
233
264
653
511
135
424
154
654
216
562
633
235
621
144
143
563
335
564
214
251
234
355
545
461
453
315
642
635
422
434
263
113
465
522
555
333
645
455
554
432
135
516
542
242
415
155
436
234
442
133
132
433
453
416
355
612
336
611
613
632
422
132
524
136
653
412
434
153
431
542
262
363
443
511
636
265
145
655
461
224
126
432
264
644
262
665
234
612
112
456
424
221
125
141
534
166
462
424
344
161
535
436
514
662
232
214
251
263
323
365
141
324
531
236
243
261
645
542
426
543
341
441
123
235
251
625
125
553
122
565
341
141
165
321
326
324
265
324
334
546
561
334
212
441
564
154
611
241
244
533
321
366
321
144
655
321
111
211
551
531
632
225
311
512
125
412
514
361
111
454
616
542
631
233
123
531
112
614
525
113
155
613
633
341
362
533
265
611
325
