236
651
331
654
314
154
563
354
626
246
655
123
445
645
435
426
665
654
233
313
156
441
126
142
212
153
532
311
342
262
342
246
425
265
422
233
544
416
541
511
246
165
241
164
663
443
156
244
561
566
242
552
623
611
524
555
521
643
146
553
425
245
162
644
544
111
131
443
513
336
363
362
351
641
654
345
622
431
666
632
533
636
555
246
661
341
355
445
344
432
633
646
456
526
314
445
464
352
143
454
