335
235
135
125
144
266
224
333
256
155
235
445
336
256
356
126
236
112
345
235
166
344
334
235
135
126
144
366
133
115
446
123
125
116
225
144
335
112
566
224
111
244
246
344
236
234
456
234
245
455
156
225
356
115
334
133
135
555
145
234
346
446
146
124
334
155
336
111
224
113
135
344
114
145
356
345
225
336
133
234
455
346
111
156
114
112
155
136
135
136
225
146
125
223
455
145
244
344
156
124
225
555
111
126
344
236
246
455
224
136