266
334
336
224
134
156
116
236
113
115
226
256
145
233
334
345
245
134
455
114
233
224
245
235
466
346
145
136
135
566
113
236
235
234
255
156
445
346
112
355
122
122
255
125
123
345
356
445
136
344
146
256
356
456
233
346
225
156
236
225
366
245
345
123
455
223
345
125
566
136
366
134
124
345
146
112
113
235
366
223
156
234
556
245
456
100
113
236
355
556
245
133
125
226
236
113
455
133
345
123
126
245
446
466
246
346
125
444
345
123
123
236
335
123
144
145
125
126
144
344
235
113
225
136
124