134
146
123
356
126
145
334
136
556
346
445
134
126
456
566
234
456
356
356
133
356
334
446
466
344
445
116
236
226
456
116
135
156
125
136
222
136
346
156
455
113
245
366
123
356
556
223
245
556
356
244
255
366
113
366
346
455
125
566
224
266
255
125
445
344
145
146
226
146
346
446
136
335
116
456
156
122
124
112
236
136
124
456
135
255
234
156
116
223
136
133
225
155
246
245
116
124
134
235
122
255
445
335
235
346
122
122
555
135
166
145
244
134
112
134
224
222
124
114
156
134
456
133
225
126
112
344
456
235
245
245
145
135
234
456
124
135
112
122
224
455
125
255
116
346
222
335
236
126
466
156
245
116
133
346
256
156
335
136
246
114
334
113
114
356
145
112
133
124
136
455
114
336
456
344
125
356
344
156
224
136
124
466