346
114
166
244
155
366
135
236
456
135
123
125
245
235
344
125
456
236
345
245
116
115
116
133
334
125
245
135
236
112
223
124
556
124
444
235
236
356
345
134
236
111
145
124
123
144
125
336
123
345
345
345
126
156
123
166
456
246
114
122
355
145
555
245
334
345
345
145
666
156
334
122
146
234
156
116
556
234
144
335
133
156
144
134
223
125
235
234
236
566
466
366
334
136
234
112
144
566
334
256
356
223
133
146
346
112
235
225
444
256
266
333
335
346
123
134
456
123
335
335
125
455
126
266
345
122
112
446
333
566
445
123
122
356
136
134
112
122
335
155
124
456
246
115
234
246
556
334
456
126
126
126
346
345
112
566
344
346
245
446
122
234
345
246
236
233
236
145
344
134
445
456
255
124
155
255
235
116
556
346
166
446
246
223
122
244
245
155
136
235
225
345
456
135
136
456
245
224
123
345
566
122
136