126
136
124
136
356
334
136
256
114
456
346
135
126
145
556
356
235
255
333
336
566
566
122
146
244
455
233
356
156
236
346
356
125
126
355
235
126
123
346
346
166
235
335
155
223
444
244
135
346
144
335
123
355
125
344
236
236
236
234
366
444
334
156
124
236
345
133
146
346
146
145
123
344
122
245
135
456
336
246
135
356
355
235
246
345
236
136
346
245
223
126
156
256
233
136
236
556
145
223
145
455
126
445
336
146
146
146
466
115
244
246
334
245
256
236
235
266
145
226
355
346
156
444
445
456
146
344
555
256
346
135
246
345
566
345
115
134
456
336
233
233
146
456
446
124
246
233
123
235
226
556
255
123
456
244
126
246
166
133
225
136
156
256
116
344
235
144
123
345
345
345
245
125
235
555
116
566
556
224
345
156
245
223
125
112
234
346
256
356
145
244
356
145
135
145
116
125
356
125
156
566
344
126
223
566
255
566
444
226
113
233
356
144
245
126
245
256
456
156
123
225
455
333
125
566
156
125
112
556
122
166
266
345
123
245
234
226
226
126
234
122
135
356
246
466
135
123
124
123
145
113
123
245
235
334
356
113
156
135
236
355
466
116
456
566
456
244
223
245
556
455
336
245
236
225
146
266
136
145
136
336
225
166
116
135
156
236
155
556
346
126
366
126
113
366
556
113
155
112
245
245
245
344
225
145
345
236
136
123
334
355
234
135
111
235
246
145
126
245
255
225
256
346
125
456
133
226
000
455
125
126
344
122
136
223
244
133
566
266
123
345
456
114
255
346
133
133
133
126
556
456
455
366
135
126
156
236
236
236
123
116
245
126
146
235
356
145
112
115
456
266
112
356
136
145
234
346
566
335
244
226
122
122
113
355
256
126
466
114
136
115
445
666
246
226
144
256
146
456
125
000
356
224
135
145
125
124
225
225
225
225
266
114
256
135
134
446
556
446
146
114
145
136
244
236
114
126
123
145
233
345
134
466
556
124
235
136
145
115
244
223
133
224
234
166
222
145
256
344
455
446
344
136
224
166
144
114
445
446
223
155
234
236
156
156
136
114
114
245
245
234
256
124
256
126
144
246