163
236
415
661
442
363
216
215
161
633
142
631
254
653
365
124
123
166
321
343
116
451
346
264
361
562
522
652
122
666
523
165
515
634
215
123
223
131
626
552
244
163
132
625
464
324
261
564
262
455
544
263
246
133
434
435
562
261
345
421
425
231
464
554
635
421
154
316
552
614
314
215
323
516
264
461
612
131
625
165
152
535
452
446
134
643
524
325
352
454
111
261
135
431
423
624
635
521
356
436
225
645
626
634
163
144
465
314
245
143
231
156
166
632
561
441
163
243
655
412
253
545
532
651
164
164
454
534
452
524
112
424
161
251
461
113
214
554
244
223
654
665
643
213
215
462
653
445
164
535
663
144
326
336
351
322
553
513
466
244
312
225
141
545
652
315
163
653
523
132
516
253
135
522
424
534
662
462
161
234
523
365
423
525
342
126
513
544
115
253
446
634
226
123
654
316
626
523
461
423
555
253
155
611
614
354
553
135
453
343
535
213
461
622
223
224
614
211
362
252
121
454
363
433
643
433
413
136
232
662
551
644
461
443
333
146
435
255
242
125
322
441
345
451
466
315
622
651
251
455
466
535
623
253
634
633
226
316
531
522
143
252
531
264
413
421
235
123
426
245
133
651
513
354
445
342
552
312
345
143
552
612
615
161
423
512
551
623
314
333
336
461
342
132
315
546
363
135
135
642
