336
555
111
313
656
246
153
343
526
656
534
535
621
653
641
545
666
343
161
424
311
366
152
135
162
614
231
614
426
645
455
116
554
451
451
112
432
631
122
141
615
215
326
112
352
125
315
453
563
533
641
433
225
333
443
341
414
153
322
261
514
315
161
544
221
216
152
142
363
223
121
535
516
624
233
646
344
445
133
155
111
635
416
516
543
133
652
161
534
414
213
324
622
452
315
562
114
323
332
536
264
466
554
634
232
524
654
643
525
232
224
124
655
662
646
464
155
555
531
564
326
346
434
513
425
461
115
144
612
333
414
126
316
553
224
116
166
343
531
442
426
225
141
454
242
562
543
234
334
263
451
642
114
213
354
611
414
641
121
661
325
632
346
464
361
341
555
512
134
516
162
533
442
566
652
422
251
143
125
443
263
524
161
234
256
553
323
631
441
563
441
443
432
166
611
613
451
622
452
426
241
153
453
113
212
252
655
445
231
466
424
436
421
134
161
322
346
362
433
443
423
214
216
412
616
143
246
323
524
615
132
324
542
463
242
153
546
542
436
256
644
512
436
461
132
452
455
225
331
624
141
463
266
211
211
233
256
623
265
433
312
414
161
162
333
532
622
444
364
143
413
425
225
456
243
564
431
321
631
264
224
663
613
151
245
122
513
351
532
541
634
542
255
354
516
331
656
266
432
263
655
225
225
534
556
654
132
132
161
141
432
156
154
632
335
224
344
363
221
362
456
263
451
511
366
112
113
655
116
634
212
515
621
162
354
454
624
626
151
635
544
234
424
633
533
151
132
452
222
365
154
445
651
234
353
462
441
316
355
443
452
314
662
264
645
321
342
521
251
212
141
256
661
636
251
536
143
144
315
251
134
261
225
651
511
431
134
354
113
555
214
662
543
245
652
333
121
362
143
431
132
435
252
433
623
211
115
152
332
656
352
365
635
454
664
155
456
626
133
226
626
165
412
444
322
536
121
545
522
364
641
111
621
622
561
543
636
531
425
133
141
235
541
224
542
433
534
543
554
224
153
366
342
142
424
621
553
314
324
266
443
634
556
522
323
122
321
352
656
123
133
212
144
614
652
246
263
432
621
524
454
241
326
243
541
563
224
555
653
353
511
455
143
266
614
652
653
411
566
511
264
662
331
432
412
142
112
326
321
645
216
453
212
562
161
355
413
213
142
445
113
161
136
314
136
146
556
352
162
416
545
566
422
216
524
415
163
343
231
161
633
456
612
316
546
254
562
161
441
155
463
656
636
224
612
356
223
435
253
445
331
244
153
451
116
642
263
254
343
652
164
456
115
543
116
253
245
444
312
425
462
365
642
634
126
254
645
422
266
524
325
631
162
126
264
155
234
525
635
535
162
261
644
331
515
555
464
123
421
336
423
161
215
216
221
511
313
221
631
265
245
555
326
411
421
253
645
525
645
164
332
651
345
623
222
235
522
315
152
216
116
554
642
163
151
442
251
416
536
135
435
164
355
144
536
225
525
621
416
545
264
311
331
153
331
256
542
115
326
522
113
433
624
361
164
645
314
626
551
666
636
154
655
325
122
434
655
355
346
615
145
253
135
125
224
115
525
144
343
145
354
666
354
425
335
612
341
314
531
543
245
335
632
442
432
114
223
344
324
613
625
134
431
252
132
561
516
454
563
663
611
526
336
226
331
345
142
414
615
126
111
615
465
146
445
443
454
324
333
631
144
623
562
554
421
536
341
133
644
361
126
443
511
451
544
616
344
625
411
164
224
625
243
453
451
541
641
366
162
463
143
133
165
123
261
154
543
463
613
134
225
365
245
626
345
336
422
462
641
514
332
625
411
263
624
543
561
332
615
423
226
361
244
313
633
346
311
523
245
512
411
515
114
641
623
115
263
562
212
411
235
256
622
333
252
665
644
225
664
111
235
163
643
543
143
555
636
346
111
532
342
432
224
156
525
265
142
223
341
332
245
612
356
121
244
612
545
255
614
345
334
263
164
252
642
454
311
131
234
624
553
545
552
613
154
635
534
256
635
511
146
551
356
662
361
525
642
615
643
552
552
115
143
452
552
222
525
426
551
315
543
651
332
436
526
351
413
522
625
155
141
112
361
263
453
211
563
212
621
253
532
323
261
631
135
445
225
142
452
125
354
215
345
415
146
641
113
643
414
643
254
263
543
434
321
131
522
463
465
522
461
344
444
461
461
251
132
331
261
214
642
451
213
534
525
624
166
354
433
154
351
654
366
231
543
513
234
653
535
213
316
445
125
331
525
422
612
452
222
612
645
345
623
312
352
533
616
622
261
354
464
422
221
315
632
322
545
125
444
156
654
215
253
651
263
345
162
146
516
134
253
663
133
436
423
141
123
236
654
641
136
252
521
445
232
221
434
153
444
454
524
245
463
315
244
211
226
631
225
662
423
542
134
433
641
666
525
462
135
131
445
525
516
514
433
466
413
423
332
163
141
525
224
452
415
563
443
666
455
464
662
655
264
155
111
132
411
225
436
212
451
655
314
451
335
413
546
243
422
543
431
233
126
626
265
141
616
365
524
314
654
413
265
554
366
526
624
366
633
442
223
415
426
321
625
111
414
226
622
132
315
422
541
316
414
324
644
425
621
345
565
446
545
161
651
236
214
366
521
354
422
162
646
424
221
533
561
524
266
444
534
651
535
243
416
565
361
451
456
442
462
334
424
243
556
364
115
211
561
665
666
231
633
356
316
124
453
266
126
633
631
523
155
266
342
145
624
551
623
146
525
211
315
351
146
444
251
661
323
132
166
421
643
646
345
532
311
624
656
235
516
645
233
436
331
244
431
541
436
414
451
424
554
342
164
331
443
432
341
616
131
464
315
343
321
234
265
455
156
333
233
112
322
231
214
113
463
463
246
424
544
151
431
124
236
516
214
636
614
151
634
246
534
542
246
255
363
563
444
232
146
226
413
245
332
346
242
436
464
212
362
623
256
313
645
641
342
634
645
254
412
446
612
432
324
441
436
632
216
524
253
263
234
143
355
251
341
455
621
511
364
155
332
231
424
661
351
644
145
146
463
563
431
423
646
252
542
661
124
526
113
121
612
341
661
556
254
131
616
614
431
213
433
415
361
342
123
146
246
161
146
246
554
335
652
566
165
166
553
335
455
166
222
342
611
456
255
643
361
441
161
543
441
441
551
441
453
221
361
212
215
153
635
653
613
155
213
426
621
644
132
311
466
566
114
544
242
165
211
465
554
432
112
312
313
523
366
364
441
263
364
221
614
313
415
465
615
532
431
224
253
423
514
246
536
216
554
162
656
531
324
556
651
264
136
433
224
442
666
261
354
154
643
142
254
555
342
662
252
125
662
336
415
131
436
533
655
533
433
364
366
242
354
615
134
215
264
424
134
261
165
241
162
126
646
636
564
642
422
124
