164
126
421
351
526
461
435
243
526
541
626
416
423
334
116
553
213
236
265
345
254
624
424
116
332
243
336
651
121
356
662
122
115
623
445
365
244
663
546
554
113
625
436
621
645
631
242
242
464
512
366
622
265
314
466
146
126
246
353
342
664
666
623
265
662
155
261
216
414
244
541
666
454
622
463
554
513
435
456
453
444
346
656
661
555
265
245
345
535
616
336
522
655
343
541
415
155
333
656
152
144
621
622
446
114
445
644
354
112
653
115
453
215
415
413
333
136
544
231
543
112
135
513
112
633
256
165
522
343
653
513
633
641
343
564
666
636
541
161
223
233
563
113
425
633
516
512
464
142
654
564
352
621
326
241
553
462
351
616
264
455
654
635
162
226
146
245
354
452
262
645
263
421
666
222
216
656
544
535
614
211
541
261
663
232
123
134
125
265
235
546
311
664
361
663
515
253
532
224
364
345
151
561
631
334
652
344
223
633
665
361
333
611
116
532
154
621
562
655
433
346
231
611
156
321
262
235
426
652
156
233
266
526
254
365
231
436
462
423
251
466
421
414
511
554
631
313
415
514
521
353
451
562
263
616
613
562
444
631
122
532
663
133
633
625
111
455
561
315
612
223
565
426
235
415
543
646
162
143
312
353
626
546
244
545
331
163
122
252
114
264
262
526
132
123
553
142
645
214
231
214
511
365
556
414
561
123
145
321
464
561
145
351
163
526
531
632
513
333
366
632
414
152
251
512
435
412
326
652
645
562
253
531
345
635
232
643
354
316
352
241
344
164
435
133
462
315
143
613
162
323
636
641
426
315
112
322
523
251
243
664
153
213
535
113
463
363
355
111
231
351
455
535
442
515
316
654
233
631
225
613
415
455
256
235
642
463
655
422
656
335
626
543
626
535
511
531
566
624
634
652
312
125
653
363
631
622
624
362
563
554
223
633
252
643
115
536
161
662
251
246
612
335
416
562
541
441
545
422
262
132
464
144
536
661
361
645
532
411
654
363
515
113
615
314
216
423
651
311
626
631
535
424
364
315
513
463
664
533
363
443
331
262
632
651
521
634
416
336
213
344
642
416
415
323
421
226
415
542
623
633
514
442
424
164
131
353
446
216
416
543
155
541
431
623
451
621
315
563
221
246
314
335
621
116
266
141
325
561
624
421
132
555
323
163
325
363
253
355
114
664
535
323
361
522
111
351
656
552
366
244
263
132
243
354
612
241
452
351
564
316
136
532
344
661
214
214
614
222
436
265
552
252
561
314
451
434
511
634
254
656
224
231
642
162
654
154
462
623
334
643
442
651
214
451
552
356
215
135
416
146
246
654
362
656
245
315
332
465
513
221
252
552
131
662
231
633
432
352
134
161
546
561
452
323
262
146
542
326
341
633
465
323
641
342
246
654
416
145
211
561
233
555
656
111
625
211
511
626
551
336
313
152
151
416
321
351
536
225
245
613
544
522
113
245
366
365
162
643
421
563
526
451
536
141
312
532
152
335
125
355
535
323
443
445
652
532
334
345
612
641
542
435
145
454
461
533
361
115
166
445
354
241
615
511
512
321
523
645
632
362
545
425
231
222
362
625
123
314
523
414
144
615
532
513
632
335
652
652
652
462
665
224
214
363
162
141
532
366
341
516
441
224
625
533
632
631
563
164
522
322
146
644
526
545
412
444
116
561
133
622
625
343
116
663
642
236
324
165
131
645
213
526
544
425
564
351
153
333
321
455
554
543
333
135
333
465
422
456
165
553
416
223
255
663
612
552
644
151
446
611
464
521
243
412
263
362
422
523
154
511
521
432
112
226
164
125
151
412
541
213
654
122
332
545
152
645
614
154
444
543
532
135
154
614
541
343
236
353
525
211
524
363
261
251
416
433
316
411
431
615
226
332
145
146
342
521
466
245
322
615
552
626
653
631
642
416
141
142
364
456
446
246
163
654
154
462
165
442
614
624
123
151
161
556
352
166
331
656
352
366
454
624
133
433
424
526
125
363
435
246
143
641
362
145
241
145
236
331
566
313
446
456
645
536
313
422
216
361
255
