242
134
646
161
121
566
554
566
555
442
621
411
512
365
335
566
514
635
534
346
413
143
331
444
215
424
143
542
456
443
151
464
646
566
342
125
511
243
363
233
251
263
146
516
245
656
626
421
265
222
142
366
451
444
142
311
535
143
124
165
143
114
363
261
226
543
216
544
262
133
225
626
345
212
246
625
462
233
524
214
552
631
424
251
454
514
452
634
656
455
522
136
222
126
155
645
632
462
211
526
623
532
452
566
616
513
231
164
461
551
665
366
336
632
562
562
265
355
424
343
631
635
255
143
232
654
314
343
111
541
561
321
426
234
463
321
131
631
343
526
565
244
361
242
213
431
524
144
155
661
253
116
643
364
322
411
332
565
446
353
643
543
254
221
664
162
426
221
456
614
624
165
135
121
322
315
313
561
152
663
215
631
421
626
644
546
316
516
252
334
444
652
444
515
125
543
613
154
463
323
663
566
321
651
145
231
265
344
234
545
231
333
411
116
543
256
321
365
515
523
251
123
234
364
433
245
432
323
144
123
424
635
211
353
342
313
241
256
344
216
364
146
145
655
251
411
145
535
411
633
311
324
343
611
422
541
245
342
146
645
616
615
662
123
421
232
444
344
132
323
614
435
151
444
511
535
152
436
264
614
243
366
454
145
565
426
166
134
324
623
611
422
312
141
116
462
615
652
141
132
655
161
316
642
451
135
213
344
321
166
551
146
533
163
135
445
253
142
246
543
156
626
232
236
664
645
161
625
615
252
544
521
614
432
326
635
221
121
466
341
254
112
333
143
433
462
451
213
546
114
562
262
115
632
326
364
645
115
154
154
634
266
253
155
321
564
621
266
341
442
356
655
654
556
155
531
144
464
651
442
114
322
556
166
431
456
232
112
535
665
316
224
142
444
364
413
354
423
622
426
612
232
365
642
463
526
554
323
632
461
231
645
363
422
664
122
425
463
454
425
343
244
265
621
345
556
214
514
362
562
454
221
434
636
412
434
426
624
311
651
642
566
142
413
336
221
433
152
521
546
321
666
255
262
346
452
445
523
236
564
353
412
336
345
624
326
165
354
653
542
321
461
566
451
553
621
154
513
625
544
152
125
565
163
636
625
552
531
613
654
563
656
464
131
534
661
323
661
313
116
355
446
353
631
223
554
456
534
322
145
634
146
644
662
152
566
626
631
425
565
215
226
165
612
466
665
365
632
253
234
264
251
523
541
333
363
462
143
363
361
536
535
364
545
315
615
255
425
656
121
411
414
552
433
514
655
432
153
315
212
453
562
465
212
444
466
451
365
665
211
315
666
622
236
116
452
535
312
435
214
641
413
516
551
434
625
522
244
543
616
636
166
645
652
243
334
616
635
253
162
553
214
444
124
525
513
345
166
316
232
163
465
125
153
125
411
141
325
152
156
451
325
236
141
363
236
335
124
361
363
413
445
145
511
134
652
234
621
551
446
362
443
526
243
141
425
543
536
251
246
436
363
523
663
122
151
533
535
164
254
164
462
121
612
543
635
312
236
312
434
263
224
256
553
412
111
144
452
133
243
511
352
661
366
536
146
163
216
443
254
523
613
151
536
616
344
626
324
415
311
156
461
424
632
252
335
352
161
311
253
666
421
666
362
241
224
531
134
114
231
362
513
212
362
114
621
244
525
615
545
621
623
262
354
412
566
314
526
146
261
511
562
445
265
415
313
615
351
166
541
153
355
531
263
114
642
265
632
426
625
423
162
423
635
214
466
234
324
124
221
615
343
243
141
262
234
246
355
534
226
546
222
643
655
343
315
212
663
365
333
425
142
321
334
145
325
565
213
535
463
411
325
345
522
661
342
561
334
155
641
421
135
452
452
113
635
266
242
364
262
615
243
615
524
256
166
413
435
661
421
152
115
454
143
445
343
421
143
641
546
231
664
645
544
251
134
226
463
126
433
642
352
264
243
164
553
641
322
361
244
113
114
542
226
231
421
154
515
366
142
252
422
141
353
441
146
313
662
326
422
262
664
153
631
342
133
433
161
551
413
416
654
251
646
662
636
616
323
161
243
262
416
545
663
361
234
146
161
235
561
541
542
146
216
126
661
365
624
631
462
636
454
133
465
216
345
564
113
215
522
211
453
233
532
661
452
444
452
221
126
343
523
626
541
644
265
565
562
143
415
253
521
465
266
266
511
343
362
561
644
612
225
161
525
564
141
415
461
243
144
624
255
443
644
425
233
122
635
412
255
241
414
364
131
252
651
533
244
355
551
243
366
413
321
536
331
265
566
233
415
323
256
354
553
564
432
344
433
656
222
645
214
126
625
223
531
216
431
113
663
233
133
515
355
265
565
534
333
212
312
316
415
331
121
625
621
445
112
223
126
165
232
423
413
242
554
356
156
215
612
444
166
565
445
512
412
243
561
133
164
224
131
655
543
424
611
216
125
542
556
434
253
315
261
411
632
156
216
214
325
511
154
146
534
366
322
342
245
512
551
465
645
663
445
411
564
441
522
246
156
366
165
644
263
521
265
564
433
244
341
566
635
652
454
415
225
514
155
666
633
424
632
224
415
652
312
633
244
113
336
515
253
455
645
343
516
554
254
466
214
216
125
446
552
264
465
621
661
124
413
653
266
223
651
125
531
662
265
345
241
266
362
453
521
443
314
535
324
554
361
111
256
413
446
461
636
655
526
424
342
146
242
122
344
244
561
365
324
461
653
653
315
232
433
416
343
253
216
466
124
351
342
536
634
435
453
416
522
514
215
641
433
124
333
641
441
553
346
652
444
422
421
164
234
651
631
411
264
644
431
126
633
261
452
135
335
446
345
442
512
615
654
133
454
312
464
622
554
344
311
436
532
165
354
264
222
655
423
521
215
662
111
411
115
651
632
135
456
521
221
223
442
325
513
156
333
551
341
645
634
356
353
325
165
523
141
563
153
245
332
565
224
542
551
553
614
132
513
312
525
146
366
324
541
354
136
444
544
122
142
321
135
353
423
535
514
244
336
652
543
344
353
526
334
564
261
662
533
526
252
665
152
125
125
564
235
324
366
341
163
652
152
131
165
564
433
653
262
221
256
214
234
355
222
464
166
231
262
263
113
131
355
524
611
414
266
645
354
655
541
344
163
331
424
443
445
355
544
112
223
354
355
464
535
465
644
452
366
225
226
155
334
353
261
626
612
311
431
524
454
331
663
614
215
636
456
661
523
341
415
255
362
133
542
254
115
252
256
153
515
413
325
565
311
411
554
254
221
113
365
365
452
666
515
551
643
123
541
266
136
621
234
235
556
113
545
112
161
225
535
554
421
444
224
534
366
136
562
144
546
665
556
356
212
551
461
513
122
232
354
241
242
316
524
234
143
526
233
446
664
115
354
533
354
562
316
333
334
363
613
413
544
546
563
366
564
363
356
365
515
222
634
156
254
642
525
342
656
442
524
631
432
566
453
654
245
454
541
656
335
141
126
424
555
662
155
516
151
441
465
236
251
621
524
631
564
345
422
266
141
565
526
134
443
342
141
563
155
556
566
542
115
655
315
454
114
664
451
646
445
665
252
151
512
223
154
125
133
241
665
232
153
261
241
143
442
224
623
135
624
611
541
422
151
266
452
424
651
166
216
416
466
146
655
155
345
366
234
525
241
414
434
612
514
632
336
642
644
364
162
222
421
644
551
663
521
142
346
245
265
135
613
455
465
516
451
344
226
331
321
522
411
236
311
614
515
536
111
561
542
253
261
452
235
551
211
253
255
542
644
324
216
142
453
642
543
151
425
142
114
563
552
323
651
526
624
662
663
231
256
226
531
565
143
425
533
132
625
154
346
532
662
236
656
141
642
243
434
215
312
125
315
656
516
243
561
611
233
151
316
552
116
334
115
564
123
262
333
112
233
536
126
141
636
264
252
523
454
142
614
335
566
363
541
166
466
152
425
464
555
515
663
324
336
243
262
133
463
436
316
144
631
636
435
355
354
135
325
462
316
214
363
656
112
344
331
355
354
121
646
455
511
564
364
443
631
536
531
212
555
121
133
226
131
524
366
514
124
122
562
656
665
311
666
315
224
143
115
365
462
124
363
125
162
241
312
616
233
116
625
335
211
545
566
435
261
366
133
162
143
121
523
336
114
342
555
215
121
536
614
145
661
521
214
216
535
546
325
656
423
512
136
532
113
416
361
115
141
341
134
636
165
551
431
155
114
452
426
511
533
432
422
312
334
311
555
633
515
426
113
154
565
544
222
654
346
541
165
122
356
251
322
461
466
652
352
222
565
336
526
654
666
441
314
325
611
236
161
551
123
524
552
355
151
245
215
351
545
312
235
435
134
424
332
154
513
211
422
633
253
214
311
242
536
135
516
654
242
262
251
244
214
263
261
442
145
312
322
131
245
526
154
216
253
432
262
431
323
322
643
123
642
124
313
215
364
565
334
634
264
435
135
143
121
334
234
143
141
213
136
313
251
446
112
333
623
636
163
456
141
663
231
541
335
126
545
423
423
563
435
232
461
212
425
516
461
226
654
145
636
144
412
464
543
536
241
214
431
334
521
631
562
331
556
326
462
233
345
616
226
433
435
361
534
215
643
312
463
213
466
443
123
233
365
333
356
511
111
665
551
322
252
431
422
312
556
121
651
521
644
515
444
424
466
415
626
644
141
316
164
236
364
354
352
125
226
224
535
564
515
125
643
546
323
335
111
156
331
664
151
554
633
214
343
251
362
154
535
546
156
132
114
243
546
621
436
166
234
522
311
433
264
223
212
516
164
616
363
236
321
365
315
523
443
135
165
644
116
425
362
526
214
462
336
656
226
134
261
562
511
412
256
565
634
561
653
545
225
466
326
444
211
536
141
356
123
611
133
255
233
316
543
335
415
452
353
612
466
622
664
565
655
446
244
116
316
212
331
431
545
654
621
451
344
564
153
315
264
533
635
622
234
632
626
216
212
313
455
644
436
625
653
256
264
313
235
151
424
334
623
321
526
622
454
142
466
255
412
524
432
152
351
632
442
446
423
243
353
555
553
334
113
626
651
314
314
664
552
133
451
264
222
366
661
622
451
462
262
441
622
245
112
415
312
331
646
354
443
633
142
342
223
622
543
151
613
125
614
531
344
462
345
111
124
426
545
431
332
132
466
465
322
521
416
326
555
221
166
464
515
333
164
225
243
624
166
511
216
534
364
545
615
661
335
554
661
553
351
446
132
563
261
424
423
251
641
642
143
554
216
654
266
431
655
223
452
123
316
526
123
656
426
616
445
155
515
333
466
255
314
325
124
311
461
564
145
334
132
562
143
142
423
331
534
562
423
352
551
362
152
536
216
566
556
442
155
554
554
311
145
426
312
524
111
423
223
632
152
163
556
155
556
663
521
465
253
421
142
233
436
531
662
441
331
111
443
613
312
366
432
142
326
554
123
253
363
453
626
321
532
551
666
365
541
152
311
414
463
112
611
243
543
224
131
614
263
255
462
245
441
332
261
643
514
542
522
151
162
314
115
324
163
136
663
644
514
554
311
412
243
322
456
341
156
142
155
242
226
556
445
526
465
566
632
565
416
554
155
621
642
351
422
255
163
413
634
434
544
163
352
124
115
621
465
553
431
133
222
166
634
211
336
266
563
513
115
622
154
233
466
125
343
221
612
311
341
516
242
361
344
641
661
163
652
116
235
565
234
616
625
655
452
556
335
325
312
146
221
224
313
146
133
552
516
165
464
453
455
531
456
534
225
542
232
213
112
315
436
252
362
426
432
524
121
221
521
635
116
661
634
163
221
315
242
364
236
454
153
643
441
243
661
344
532
154
261
354
325
546
356
354
163
325
645
622
555
544
231
121
542
565
121
245
545
311
252
233
366
114
466
135
263
665
466
641
452
242
222
554
642
116
146
556
123
446
246
511
323
422
235
432
565
334
455
645
546
543
555
115
315
141
145
523
131
564
542
362
414
531
265
461
152
142
633
241
152
641
321
442
512
234
264
636
316
244
115
255
656
423
622
424
336
556
516
312
562
236
564
165
655
642
345
662
213
125
443
164
554
126
452
233
322
523
331
524
662
466
124
362
352
356
214
511
316
324
136
121
256
343
134
411
455
243
541
242
551
541
224
165
145
631
512
161
621
361
154
363
326
166
462
136
111
224
416
163
233
131
323
361
514
121
452
423
264
541
631
115
363
156
366
552
645
136
354
265
314
313
541
413
226
123
661
312
423
545
352
213
414
524
536
113
234
255
432
634
456
536
446
531
545
542
334
165
314
254
334
112
323
111
561
335
521
131
116
151
136
146
663
525
431
221
526
225
531
635
542
255
433
643
334
314
121
213
434
544
222
226
435
335
212
442
134
554
163
122
611
635
414
422
344
261
346
333
554
262
111
613
525
461
615
262
655
642
655
342
251
565
351
621
323
552
633
144
246
666
654
433
245
223
425
231
245
614
566
456
566
132
654
352
152
323
243
662
231
433
115
145
622
614
466
226
223
331
224
253
332
161
666
351
616
362
424
424
154
453
612
446
115
233
116
222
344
625
113
532
136
365
312
224
631
631
243
645
254
521
623
243
444
225
411
111
433
434
266
513
621
415
256
352
312
162
143
655
366
226
564
545
221
554
266
335
313
141
313
612
336
325
655
433
113
462
411
141
344
534
355
511
633
633
256
235
463
312
235
432
322
645
351
356
123
162
415
631
553
553
315
541
466
652
236
365
165
614
222
531
614
131
245
554
443
366
252
141
145
535
364
336
125
445
663
132
553
655
435
243
146
516
452
523
222
163
625
351
631
231
134
662
612
123
463
413
226
511
662
351
551
425
234
326
222
