664
541
154
623
114
436
243
641
421
231
346
652
232
221
215
331
223
164
112
422
333
232
446
231
352
124
462
536
622
215
123
442
616
364
661
446
366
515
222
653
432
213
543
121
231
162
531
451
224
623
126
354
365
455
155
113
425
525
514
221
415
661
411
552
366
525
123
423
665
243
223
654
156
242
364
153
653
466
666
653
131
352
133
623
226
112
413
533
252
625
132
313
633
211
455
611
312
452
323
122
212
155
636
614
155
264
441
561
115
542
245
313
461
166
353
652
656
224
542
656
235
463
514
552
213
333
444
654
421
613
354
223
351
663
322
615
566
136
411
232
615
241
346
121
112
664
544
625
616
663
122
365
365
365
332
323
633
161
144
331
216
251
352
532
154
214
443
162
566
261
456
242
166
463
111
234
164
136
545
315
453
252
651
554
242
541
362
156
655
421
453
254
452
322
666
331
166
545
212
625
452
521
163
644
442
252
416
666
335
126
636
634
246
453
532
336
546
311
621
315
226
214
655
455
631
244
553
561
334
243
431
544
513
245
663
151
612
232
563
553
262
642
626
234
566
536
245
354
533
135
145
523
456
635
521
626
554
463
534
656
316
163
212
216
433
321
441
211
265
225
134
542
614
214
142
456
364
644
532
262
456
534
541
164
553
363
632
323
324
431
644
446
436
653
345
216
444
433
533
142
425
366
646
214
212
411
365
523
663
315
251
421
243
243
226
666
555
116
162
131
561
455
616
531
166
242
234
643
511
233
646
254
425
263
564
123
451
653
154
316
265
626
364
525
363
324
361
614
256
441
662
262
136
624
116
365
441
165
521
355
142
536
153
416
536
661
133
665
256
323
242
554
112
122
355
525
611
332
366
456
341
123
151
141
552
413
233
241
625
264
134
634
512
261
464
326
552
331
156
434
455
232
215
534
621
144
416
366
232
142
641
436
623
663
325
633
653
165
433
115
355
363
411
132
111
553
642
515
444
456
513
546
535
646
253
541
433
133
265
154
534
463
211
226
332
225
234
463
421
335
446
315
612
612
661
151
166
646
166
326
241
522
343
543
656
235
445
156
112
335
255
316
122
112
145
531
561
212
241
244
113
462
554
561
144
524
144
523
626
441
662
425
355
141
346
111
614
655
434
425
215
554
264
423
231
663
515
534
615
315
335
554
261
224
566
336
136
555
553
562
163
612
665
614
231
316
145
351
632
225
565
316
143
553
624
334
536
114
512
355
322
115
236
622
464
536
245
256
535
646
212
522
666
115
335
364
541
254
462
643
316
663
346
665
354
553
226
156
516
311
544
425
165
113
642
363
546
225
251
222
323
336
225
241
243
446
342
466
261
535
553
655
524
262
553
442
354
311
364
432
113
565
636
553
624
132
643
414
163
361
662
412
344
333
166
552
166
214
366
545
216
634
626
141
656
416
422
363
254
133
616
666
434
314
114
136
322
256
644
563
445
454
245
422
231
354
113
641
356
554
145
522
232
612
461
545
265
653
352
654
161
425
422
432
533
332
645
443
254
412
462
242
423
211
335
211
615
611
425
326
621
523
631
422
211
153
634
662
263
522
124
314
353
424
631
315
552
244
241
113
334
131
446
335
254
156
224
115
624
111
522
263
453
362
324
412
355
625
313
634
366
362
424
226
616
163
463
441
434
155
315
163
443
444
112
554
135
561
664
543
256
633
635
114
346
164
344
431
646
354
