653
542
141
536
311
643
241
614
536
451
244
162
626
111
644
245
461
563
566
134
545
653
324
662
665
161
652
331
112
356
641
514
622
635
131
661
235
334
111
652
666
434
223
542
254
533
335
554
232
634
266
611
451
253
342
445
432
154
463
516
441
532
634
621
364
455
155
225
635
624
622
351
623
222
616
221
544
445
254
546
223
555
325
561
326
314
122
133
516
346
562
421
121
225
513
523
644
242
542
524
446
144
143
146
625
261
261
461
441
565
254
511
216
143
536
555
143
642
343
511
335
434
164
565
251
153
414
643
221
116
311
311
213
435
336
546
514
243
251
564
336
642
663
451
242
241
456
122
145
244
425
122
361
235
162
154
656
655
432
651
443
665
466
336
146
215
642
265
362
245
215
256
466
563
446
361
131
116
124
352
235
616
624
435
536
456
631
612
255
226
535
324
363
335
343
262
525
514
322
415
244
142
152
523
463
263
554
151
534
664
453
653
322
625
643
612
626
125
334
356
424
435
146
625
146
665
236
633
514
416
145
163
345
426
325
166
454
164
421
511
454
116
143
165
142
123
165
615
433
144
111
536
341
164
522
545
231
266
652
554
132
224
566
351
223
325
551
542
131
556
311
615
234
234
312
625
123
315
624
332
322
621
616
131
351
415
415
454
322
621
621
534
164
622
111
122
662
216
664
642
161
651
516
563
515
161
424
224
525
535
461
443
365
241
233
116
155
235
466
255
224
343
456
336
161
165
552
131
434
152
466
121
536
351
424
631
445
623
124
562
513
233
626
115
262
555
423
465
631
241
621
553
226
643
556
653
431
625
661
133
655
431
236
644
666
122
112
653
511
216
621
116
552
324
626
353
134
411
342
152
423
426
643
222
515
626
213
141
331
212
466
366
423
166
632
215
361
224
443
144
536
326
654
442
414
614
112
562
663
522
152
625
423
366
623
651
642
233
566
612
611
233
136
325
624
251
265
545
465
264
443
414
253
522
462
454
624
122
321
166
314
212
555
552
313
265
116
256
563
263
154
114
224
164
444
363
212
546
152
335
142
541
364
234
616
346
432
561
463
551
245
143
112
233
132
455
451
365
454
364
536
154
153
545
334
433
433
343
566
223
142
645
611
562
125
456
321
646
266
655
132
463
633
324
253
512
234
124
665
324
125
231
126
262
421
254
333
653
152
163
562
153
113
623
545
136
566
661
156
364
264
425
561
322
231
262
534
352
233
453
462
612
251
632
446
213
623
315
151
626
633
512
416
634
426
346
454
535
324
515
654
651
264
612
232
353
642
252
454
236
616
532
132
221
453
135
213
532
522
261
525
461
435
612
423
144
531
153
445
322
435
212
161
221
415
442
242
535
633
264
