543
152
364
262
426
636
161
123
113
614
425
114
413
253
345
513
553
616
354
624
464
323
146
261
455
232
145
124
644
533
562
341
612
453
626
534
146
325
436
523
651
451
114
442
254
426
235
334
134
412
332
463
334
562
523
464
253
114
456
141
541
455
565
366
634
311
114
345
346
222
622
652
121
252
245
416
446
526
162
333
612
621
116
225
116
633
631
351
223
151
311
153
311
242
533
111
323
363
342
666
336
633
533
561
161
614
553
165
141
222
253
351
363
643
466
651
646
663
135
633
666
145
446
211
634
646
235
446
553
432
662
522
316
143
353
133
254
561
544
142
115
216
411
165
361
232
426
136
121
532
533
432
142
254
142
426
561
666
631
135
254
435
241
514
155
412
343
325
652
432
212
661
546
351
612
362
662
212
135
535
422
631
612
136
525
451
163
162
243
151
565
624
661
626
435
235
144
513
263
533
342
624
565
645
316
251
444
653
535
131
634
615
112
231
333
556
513
413
211
245
366
241
355
446
236
124
212
466
156
633
124
433
666
661
423
145
326
362
314
313
135
513
534
615
616
324
514
343
111
226
565
545
462
324
465
146
253
414
244
246
265
453
561
115
251
236
626
515
553
634
511
261
346
536
466
464
652
211
313
643
525
213
523
116
114
244
162
354
462
136
422
556
223
166
331
246
361
251
223
124
511
652
515
456
434
434
336
516
451
642
433
153
161
114
212
436
332
464
234
524
251
366
314
143
635
162
263
162
154
215
424
641
635
124
115
163
654
263
112
162
143
362
355
252
326
432
656
315
566
244
615
612
213
165
524
312
243
365
421
111
265
342
162
156
462
141
555
542
125
556
445
245
211
662
635
244
341
362
655
163
424
565
454
623
214
363
524
432
242
122
514
424
655
214
535
546
246
264
423
135
662
354
552
532
214
262
356
151
264
111
435
163
312
342
612
645
623
166
616
454
231
211
352
133
114
162
365
314
531
142
161
655
246
423
666
633
441
513
333
452
343
436
445
323
333
266
432
261
511
412
