516
643
664
524
364
441
156
526
252
122
325
322
311
421
654
114
464
646
142
665
321
254
131
351
452
622
223
223
115
443
345
431
252
446
143
444
145
142
634
554
233
542
423
431
322
152
322
434
433
256
144
445
254
124
615
252
233
536
433
561
431
244
451
433
431
451
614
435
433
666
455
216
461
311
243
356
351
634
665
463
225
313
341
321
253
364
165
445
113
423
334
342
433
341
524
614
412
421
445
561
644
221
352
342
111
561
231
552
363
414
666
456
644
334
665
232
125
356
365
156
535
526
331
464
413
632
366
636
221
262
332
356
452
262
664
234
151
353
352
555
662
611
515
323
234
645
615
624
332
633
442
411
615
143
226
663
256
535
123
346
424
133
334
526
445
332
331
315
623
631
546
246
625
631
644
311
551
616
236
462
546
234
551
443
545
326
316
121
334
125
561
631
633
655
455
333
354
216
136
536
443
116
442
161
541
236
533
242
412
321
441
535
663
442
142
565
422
311
655
624
235
656
623
552
611
441
214
151
323
635
352
341
633
515
613
165
515
341
411
655
435
325
615
266
464
334
315
324
312
251
336
121
242
161
144
466
631
334
216
544
532
626
615
152
313
566
425
534
151
112
462
333
466
134
651
431
115
644
112
443
425
613
316
115
126
536
245
136
665
233
112
223
453
665
615
325
321
343
613
162
512
542
466
626
322
251
433
254
644
131
656
545
553
415
561
641
523
563
412
641
463
326
656
354
565
555
452
631
643
413
644
456
226
133
342
136
541
563
426
516
526
156
241
544
114
362
621
154
543
362
521
616
625
252
465
223
644
332
153
445
143
333
112
613
524
316
233
146
266
645
566
441
551
536
616
534
165
643
533
225
321
264
513
216
534
352
265
644
226
452
645
652
415
464
126
523
213
611
144
434
331
226
146
463
664
233
622
254
236
454
413
166
361
463
253
133
361
135
616
553
411
563
462
236
124
163
514
635
153
121
551
211
624
542
556
422
524
323
446
636
123
552
335
133
531
134
313
623
154
666
335
535
552
665
553
535
151
131
122
264
264
535
625
545
616
224
352
331
532
131
351
544
436
261
343
423
422
235
355
536
144
611
122
652
143
564
136
554
614
445
542
252
543
323
311
254
135
536
426
143
422
156
434
321
562
235
454
325
664
242
561
215
331
341
555
352
643
362
444
145
541
326
515
225
611
621
525
311
431
124
315
434
146
361
264
136
431
464
433
354
536
465
166
535
335
141
515
424
536
526
614
454
353
454
221
316
546
245
512
232
314
451
513
663
651
312
525
642
535
161
511
351
244
411
434
555
546
333
552
542
164
453
132
254
114
336
413
541
251
416
144
313
225
645
424
142
121
426
424
352
313
325
645
312
332
512
342
433
634
151
515
331
265
151
445
525
532
121
521
534
463
146
646
524
662
261
532
656
526
446
612
663
551
664
144
324
314
261
225
451
655
144
353
163
152
324
256
312
525
452
256
155
226
646
621
143
546
461
235
251
332
555
622
521
436
333
525
342
316
643
462
542
231
266
225
625
661
321
635
546
152
323
641
453
133
246
421
461
564
352
424
461
233
313
434
345
552
361
526
644
421
636
526
214
661
323
561
411
411
551
566
654
363
251
145
325
142
222
266
455
624
623
152
365
346
122
425
451
521
551
411
126
652
442
123
355
265
242
152
313
523
411
116
544
445
311
132
426
565
626
124
246
451
626
412
463
422
366
131
635
242
311
415
623
352
143
351
456
236
452
362
223
613
414
231
233
322
335
364
253
554
221
314
245
136
235
455
646
643
456
524
142
633
461
544
452
465
431
113
521
665
342
131
642
145
525
512
661
666
164
154
325
435
221
463
424
151
433
445
363
466
461
141
451
222
243
151
131
166
223
252
122
121
135
656
242
164
356
664
422
515
465
461
144
114
215
146
166
644
422
631
426
663
263
336
144
641
114
326
551
536
146
232
334
114
431
434
626
126
655
345
344
136
156
152
621
633
615
246
252
416
441
355
535
421
441
424
414
232
241
235
411
123
236
462
643
344
562
542
363
533
461
343
641
352
621
113
151
212
464
216
653
154
243
215
421
432
425
211
352
455
235
522
254
541
561
431
665
562
356
633
242
416
452
523
453
512
644
351
534
255
336
445
516
322
446
451
231
562
645
446
625
515
466
622
465
414
356
156
351
462
643
625
146
342
552
452
312
646
422
316
326
141
252
345
652
522
443
455
634
432
526
111
524
222
241
462
562
144
655
662
136
236
346
324
543
364
133
246
121
132
661
126
526
133
612
516
434
164
636
255
653
531
522
166
613
622
655
262
122
335
324
332
542
235
635
226
163
524
414
315
546
143
262
552
116
356
311
445
656
144
655
211
644
521
622
666
445
644
611
